[##.###] (2,4) (0,2,3,5) (0,1,3,5) (5) (1,4) (0,3) (1) (0,1,2,3,5) {64,45,39,64,21,57}
[###.#.] (0,1,4) (0,2,3,4,5) (0,1,2,3) (0,2,4,5) (1,2,3,4) (0,3) (0,1,2,5) {189,174,65,63,165,30}
[.#..#.] (0,2,4) (0,1,2,3) (0,1,3,4,5) (0,1,2,3,5) (0,2,3,4) (2,5) (3,4,5) (1) {50,35,66,53,34,48}
[####..] (0,1,5) (1,3) (0,2,4,5) (2,3,4,5) (3,4) (0,1,2,3,5) (1,2) (1,3,5) {186,49,191,48,193,207}
[##.##..] (1,2) (1,3,4,5,6) (0,1) (0,3,4) (3,4,5,6) (4,6) (0,3) (0,4,5) (2,6) {36,34,10,46,47,41,36}
[#######] (1,2) (1,2,3,4,6) (0,2,3,4,6) (0,1,4) (1,3,4) (1,6) (0,2,3,5,6) (4,6) (0,5) {46,64,43,30,40,29,55}
[..#...#] (0,3,5) (1,3) (0,1,3,4,5) (2,3) (0,1,2,3,4,5) (1,2,5,6) (2,6) (0,2,3,4,5,6) (0,1,2,3,6) {32,20,40,49,8,22,21}
[.#.#.#..] (0,1,2,4,6,7) (0,1,2,3,5,6,7) (2) (0,2,3,5,7) (1,5) (2,4) (0,2,4,5,6) (2,5,7) (2,3,4) {39,19,86,27,63,48,30,30}
[...#.###] (1,6,7) (0,1,4,5,7) (3,5,6,7) (0,1,2,4) (3,6) (3,5) (1,2,4) (1,3,4,7) (1,2) (0,3,4,6,7) {34,68,28,40,51,29,23,45}
[..#.#....] (2,3) (2,3,5,7) (0,1,4,6,8) (0,2,3,5,8) (8) (1,2,6) (3,7) (0,2,4,5,8) (2,4) (2,3,5) (1,2,4,5) {29,5,63,45,20,48,5,17,33}
[###..##.] (1,4,7) (0,7) (1,2,3,4,5,6) (0,1,2,3,5,6) (1,2,3,4,5) (1,2,3,5,6,7) (0,6) (1,2,3,4,5,7) (1,3,6) {44,70,57,64,39,57,52,44}
[.#....#.] (0,3,4,5,7) (1,3,5,6,7) (1,3,4,6) (1,2,3,5,7) (0,4,6) (2,3,5,6) (0,5,7) (0,1,3,4,5,6) (0,1,5) (1) {63,247,23,241,51,253,237,223}
[.##..#.#] (0,1,2,3,6,7) (2,3,4,7) (0,1,2,3,4,6,7) (1,3,4) (4,6) (2,4,5,6,7) (0,3,4,5) (0,2,5,6,7) (0,2,3,4,5,7) {67,47,173,178,174,40,60,173}
[..##.##..] (1,2) (0,1,3,4,6,7,8) (0,1,8) (0,1,3,4,5,8) (1,5) (0,2,5,6,7) (5,6) (0,1,2,3,5,6,7) (2,4,6) (3,4,5,8) {57,81,29,40,41,54,33,26,47}
[####..#.] (1,3,4,5) (0,1) (0,1,2,4,6,7) (0,7) (0,1,2,5,6) (0,1,2,3,4,6,7) (0,1,2,5,6,7) (0,1,3,5,7) (1,2,3,4,5) (1,4,5,7) {48,77,29,36,45,45,25,30}
[#######..] (1,5,6,7,8) (2,5) (0,1,2,3,5,8) (0,1,2,5,7) (1,2,3,4,7) (3,4,6,7) (1,3,4) (1,2,3,4,6,8) (8) (0,1,2,3,4,5,6) {36,103,79,85,68,62,43,60,168}
[#.###.#..] (0,5,6,7,8) (4,6,7) (1,2,3,6,7,8) (2,3,5,8) (0,3,4,8) (0,1,2,4,7,8) (1,5,6) (2,3,8) (0,1,3,5) (0,3,4,5,6,7,8) {46,41,49,66,36,53,59,64,76}
[.#....###] (1,3) (1,6,7,8) (1,4,5) (2,4,5) (0,1,2,3,5,6,8) (6) (0,1,2,3,4) (1,2,3,4,5,8) (3,6,7) (0,1,3,5,7,8) (0,2,3,7) {61,63,73,86,45,51,36,39,39}
[####.##.] (0,1,2,3,5,6) (1,2,3,5,6,7) (0,1,2,4) (4,6) (0,3,5,6,7) (0,1,2,3,6,7) (1,3,4,5,6) (3) (0,1,3,4,5,7) (0,1,2,3,4,6) {71,59,42,87,43,53,67,37}
[#######...] (2,4,5,6,7) (1,3,9) (0,2,7) (8) (1,7,8) (0,2,3) (0,2,4,8,9) (0,1,3,7) (4,7,9) (4,5,6,9) (1,5) (1,3,4,7,8) (1,4,7) {37,223,40,26,63,197,22,84,36,37}
[###.....#] (0,4,5,6,8) (1,2,3,4,5,7,8) (0,1,3,4,5,8) (1,2,8) (6,7) (2,3,5,6,7) (1,2,4,6,7,8) (0,1,2,8) (0,1,4,5,6,7) (0,1,4,6,7) (7,8) {33,66,64,40,56,56,55,60,63}
[####..####] (7,9) (4,7,8) (1,2,4,6,8) (0,1,3,4,5,6,7,8) (2,5,9) (0,1,3,5,6,7,8,9) (1,2,3,4,5,6,7,9) (0,1,2,4,7,8) (0,1,3,7) (0,1,2,3,6,8) {65,79,42,62,44,39,58,76,65,38}
[..#####...] (1,2,5,6,9) (0,1,3,5,6,7,8,9) (1,4,5,8,9) (3,4,7,8) (7) (4,5,6) (0,9) (1) (0,1,2,3,5,6,7,8,9) (0,1,2,5,6,7,8,9) (1,2,4,5,6,7,9) {40,77,50,26,26,66,62,52,44,70}
[..##..##..] (3,5) (6,8) (1,3,7,9) (1,2,5,6,7,8,9) (1,2,4,5,6,8) (2,5) (0,2,3,4,5,6,9) (1,4,5,7,8) (3,6,7,9) (1,9) (1,2,3,4,5,8,9) (1,4,5,8,9) {8,76,54,60,43,82,54,39,66,79}
[...###..#] (0,2,3,7,8) (0,1,2,4,6,8) (0,1,2,3) (2,3,4,5,7) (0,2,3,5,6,7,8) (0,1,2,3,4,6,7) (2,4,5,6,7,8) (0,1,2,3,5) (2) (0,2,4,5,7,8) (1,2,3,5,6) {80,66,103,78,44,47,45,51,40}
[.#####.#.#] (0,1,2,3,4,6,7,9) (1,9) (6,7) (1,2,3,4,5,6,7,9) (0,1,2,3,4,7,9) (0,1,2,3,4,5,7,8,9) (2,5,6,8,9) (2,8) (0,1,2,3,4,5,6,7,9) (0,3,7,9) (1,2,3,4,7,8) {42,63,71,58,56,33,53,73,24,66}
[..#.###.#.] (1,6,8) (1,2,3,4,6) (1,4,7,8) (1,2,3,4,5,6,9) (6,7,9) (1,2,3,5,6,8,9) (0,1,3,5,8,9) (0,1,2,4,5,8,9) (5,6,8,9) (0,9) (1,2) (2,4,5,7) (1,3,4,5,7,8,9) {29,286,259,227,83,256,242,61,260,263}
[#.#######.] (1,9) (0,2,5,8,9) (2,5,6,9) (4,6,7,8) (0,2,4,5,6,7,8,9) (1,2,3,5,6,7,8,9) (0,1,3,5,6,7,8,9) (0,2,9) (0,2,3,4,6,9) (2,4) (0,8,9) (0,4,6,8,9) (5,7,8,9) {84,34,64,38,223,56,232,210,252,116}
[##......##] (1,2,4,5,6,7,8,9) (1,2,3,5,6,9) (1,2,3,4,5,7,8,9) (0,1,2,5,7,8) (1,5,8) (1,5,7,8) (2,4) (0,2,3,4,6,7,8,9) (0,3,5,8) (0,1,3) (0,3,4,5,7,8) (0,4,5,7) (2,6,7) {68,75,64,63,69,86,29,88,87,26}
[.#..####..] (0,1,2,3,4,7,8,9) (0,2,4,5,6,8,9) (0,2) (0,4,5,6,8) (0,1,2,5,6,7,8,9) (4,7) (1,4,5,6,7,8,9) (1,3,4,6,8,9) (0,1,2,3,4,6,7,9) (0,1,2,3,5,6,8,9) (0,8,9) (1,4,7) {103,79,81,53,92,67,94,63,90,89}
[.#..##.##.] (0,1,2,3,4,5,6,7,8) (0,2,3,4,7,8,9) (0,1,2,3,4,6,7,8) (1,2,3,8,9) (1,4,6,8) (0,4,6,8,9) (0,4,5,6,9) (0,1,2,3,4,5,6,7,9) (4,6,7,8) (2,3,4) (5,7) (0,1,4,5,6,8) {73,47,39,39,100,50,86,38,59,52}
[####....##] (0,1,2,3,4,7,8,9) (0,1,3,6,7,9) (3,4,5,6,7,8,9) (1,3,8) (0,1,2,3,4,5,7,9) (0,6,8,9) (0,1,2,3,4,5,6,9) (4,6,7,8,9) (0,2,5,8) (0,2,5,6,7,9) (2,3) (0,1,2,5,6,8,9) {91,63,79,79,67,64,81,70,80,101}
[#.##.#.#..] (0,1,2,3,4,5,7,8,9) (0,4,7,8) (0,6,7,8,9) (0,2,3,4,5,7,8,9) (0,1,3,4,5,6,8,9) (0,1,3,4,5,7,8) (5,6,8) (0,1,8,9) (3,7) (0,3,4) (0,2,3,8,9) (1,2,4,6,7) (0,1,2,3,4,5) {54,25,24,59,51,56,24,62,67,25}